service_id,date,exception_type
1,20261007,1
1,20261008,1
1,20261009,1
1,20261012,1
1,20261013,1
1,20261014,1
1,20261015,1
1,20261016,1
1,20261019,1
1,20261020,1
1,20261021,1
1,20261022,1
1,20261023,1
1,20261026,1
1,20261027,1
1,20261028,1
1,20261029,1
1,20261030,1
1,20261102,1
1,20261103,1
1,20261104,1
1,20261105,1
1,20261106,1
1,20261109,1
1,20261110,1
1,20261111,1
1,20261112,1
1,20261113,1
1,20261116,1
1,20261117,1
1,20261118,1
1,20261119,1
1,20261120,1
1,20261123,1
1,20261124,1
1,20261125,1
1,20261126,1
1,20261127,1
1,20261130,1
1,20261201,1
1,20261202,1
1,20261203,1
1,20261204,1
1,20261207,1
1,20261208,1
1,20261209,1
1,20261210,1
1,20261211,1
2,20261010,1
2,20261017,1
2,20261024,1
2,20261107,1
2,20261114,1
2,20261121,1
2,20261128,1
2,20261205,1
2,20261212,1
3,20261011,1
3,20261018,1
3,20261025,1
3,20261031,1
3,20261101,1
3,20261108,1
3,20261115,1
3,20261122,1
3,20261129,1
3,20261206,1
4,20261005,1
4,20261006,1
5,20261005,1
5,20261006,1
5,20261007,1
5,20261008,1
5,20261009,1
5,20261012,1
5,20261013,1
5,20261014,1
5,20261015,1
5,20261016,1
5,20261019,1
5,20261020,1
5,20261021,1
5,20261022,1
5,20261023,1
5,20261026,1
5,20261027,1
5,20261028,1
5,20261029,1
5,20261030,1
5,20261102,1
5,20261103,1
5,20261104,1
5,20261105,1
5,20261106,1
5,20261109,1
5,20261110,1
5,20261111,1
5,20261112,1
5,20261113,1
5,20261116,1
5,20261117,1
5,20261118,1
5,20261119,1
5,20261120,1
5,20261123,1
5,20261124,1
5,20261125,1
5,20261126,1
5,20261127,1
5,20261130,1
5,20261201,1
5,20261202,1
5,20261203,1
5,20261204,1
5,20261207,1
5,20261208,1
5,20261209,1
5,20261210,1
5,20261211,1
6,20261007,1
6,20261008,1
6,20261009,1
6,20261012,1
6,20261013,1
6,20261014,1
6,20261015,1
6,20261016,1
6,20261019,1
6,20261020,1
6,20261021,1
6,20261022,1
6,20261023,1
6,20261102,1
6,20261103,1
6,20261104,1
6,20261105,1
6,20261106,1
6,20261109,1
6,20261110,1
6,20261111,1
6,20261112,1
6,20261113,1
6,20261116,1
6,20261117,1
6,20261118,1
6,20261119,1
6,20261120,1
6,20261123,1
6,20261124,1
6,20261125,1
6,20261126,1
6,20261127,1
6,20261130,1
6,20261201,1
6,20261202,1
6,20261203,1
6,20261204,1
6,20261207,1
6,20261208,1
6,20261209,1
6,20261210,1
6,20261211,1
7,20261005,1
7,20261006,1
7,20261007,1
7,20261008,1
7,20261009,1
7,20261012,1
7,20261013,1
7,20261014,1
7,20261015,1
7,20261016,1
7,20261019,1
7,20261020,1
7,20261021,1
7,20261022,1
7,20261023,1
7,20261102,1
7,20261103,1
7,20261104,1
7,20261105,1
7,20261106,1
7,20261109,1
7,20261110,1
7,20261111,1
7,20261112,1
7,20261113,1
7,20261116,1
7,20261117,1
7,20261118,1
7,20261119,1
7,20261120,1
7,20261123,1
7,20261124,1
7,20261125,1
7,20261126,1
7,20261127,1
7,20261130,1
7,20261201,1
7,20261202,1
7,20261203,1
7,20261204,1
7,20261207,1
7,20261208,1
7,20261209,1
7,20261210,1
7,20261211,1
8,20261006,1
8,20261007,1
8,20261008,1
8,20261009,1
8,20261013,1
8,20261014,1
8,20261015,1
8,20261016,1
8,20261020,1
8,20261021,1
8,20261022,1
8,20261023,1
8,20261103,1
8,20261104,1
8,20261105,1
8,20261106,1
8,20261110,1
8,20261111,1
8,20261112,1
8,20261113,1
8,20261117,1
8,20261118,1
8,20261119,1
8,20261120,1
8,20261124,1
8,20261125,1
8,20261126,1
8,20261127,1
8,20261201,1
8,20261202,1
8,20261203,1
8,20261204,1
8,20261208,1
8,20261209,1
8,20261210,1
8,20261211,1
9,20261005,1
9,20261006,1
9,20261012,1
9,20261013,1
9,20261019,1
9,20261020,1
9,20261102,1
9,20261103,1
9,20261109,1
9,20261110,1
9,20261116,1
9,20261117,1
9,20261123,1
9,20261124,1
9,20261130,1
9,20261201,1
9,20261207,1
9,20261208,1
10,20261009,1
10,20261016,1
10,20261023,1
10,20261030,1
10,20261106,1
10,20261113,1
10,20261120,1
10,20261127,1
10,20261204,1
10,20261211,1
11,20261010,1
11,20261017,1
11,20261024,1
11,20261031,1
11,20261107,1
11,20261114,1
11,20261121,1
11,20261128,1
11,20261205,1
11,20261212,1
12,20261026,1
12,20261027,1
12,20261028,1
12,20261029,1
12,20261030,1
13,20261011,1
13,20261018,1
13,20261025,1
13,20261101,1
13,20261108,1
13,20261115,1
13,20261122,1
13,20261129,1
13,20261206,1
14,20261005,1
14,20261006,1
14,20261007,1
14,20261008,1
14,20261012,1
14,20261013,1
14,20261014,1
14,20261015,1
14,20261016,1
14,20261019,1
14,20261020,1
14,20261021,1
14,20261022,1
14,20261023,1
14,20261026,1
14,20261027,1
14,20261028,1
14,20261029,1
14,20261030,1
14,20261102,1
14,20261103,1
14,20261104,1
14,20261105,1
14,20261106,1
14,20261109,1
14,20261110,1
14,20261111,1
14,20261112,1
14,20261113,1
14,20261116,1
14,20261117,1
14,20261118,1
14,20261119,1
14,20261120,1
14,20261123,1
14,20261124,1
14,20261125,1
14,20261126,1
14,20261127,1
14,20261130,1
14,20261201,1
14,20261202,1
14,20261203,1
14,20261204,1
14,20261207,1
14,20261208,1
14,20261209,1
14,20261210,1
14,20261211,1
15,20261017,1
15,20261024,1
15,20261107,1
15,20261114,1
15,20261121,1
15,20261128,1
15,20261205,1
15,20261212,1
16,20261005,1
16,20261006,1
16,20261007,1
16,20261008,1
16,20261012,1
16,20261013,1
16,20261014,1
16,20261015,1
16,20261016,1
16,20261019,1
16,20261020,1
16,20261021,1
16,20261022,1
16,20261023,1
16,20261102,1
16,20261103,1
16,20261104,1
16,20261105,1
16,20261106,1
16,20261109,1
16,20261110,1
16,20261111,1
16,20261112,1
16,20261113,1
16,20261116,1
16,20261117,1
16,20261118,1
16,20261119,1
16,20261120,1
16,20261123,1
16,20261124,1
16,20261125,1
16,20261126,1
16,20261127,1
16,20261130,1
16,20261201,1
16,20261202,1
16,20261203,1
16,20261204,1
16,20261207,1
16,20261208,1
16,20261209,1
16,20261210,1
16,20261211,1
17,20261005,1
17,20261008,1
17,20261009,1
17,20261012,1
17,20261015,1
17,20261016,1
17,20261019,1
17,20261022,1
17,20261023,1
17,20261102,1
17,20261105,1
17,20261106,1
17,20261109,1
17,20261112,1
17,20261113,1
17,20261116,1
17,20261119,1
17,20261120,1
17,20261123,1
17,20261126,1
17,20261127,1
17,20261130,1
17,20261203,1
17,20261204,1
17,20261207,1
17,20261210,1
17,20261211,1
18,20261005,1
18,20261007,1
18,20261008,1
18,20261012,1
18,20261014,1
18,20261015,1
18,20261019,1
18,20261021,1
18,20261022,1
18,20261102,1
18,20261104,1
18,20261105,1
18,20261109,1
18,20261111,1
18,20261112,1
18,20261116,1
18,20261118,1
18,20261119,1
18,20261123,1
18,20261125,1
18,20261126,1
18,20261130,1
18,20261202,1
18,20261203,1
18,20261207,1
18,20261209,1
18,20261210,1
19,20261006,1
19,20261009,1
19,20261013,1
19,20261016,1
19,20261020,1
19,20261023,1
19,20261103,1
19,20261106,1
19,20261110,1
19,20261113,1
19,20261117,1
19,20261120,1
19,20261124,1
19,20261127,1
19,20261201,1
19,20261204,1
19,20261208,1
19,20261211,1
20,20261006,1
20,20261008,1
20,20261009,1
20,20261013,1
20,20261015,1
20,20261016,1
20,20261020,1
20,20261022,1
20,20261023,1
20,20261103,1
20,20261105,1
20,20261106,1
20,20261110,1
20,20261112,1
20,20261113,1
20,20261117,1
20,20261119,1
20,20261120,1
20,20261124,1
20,20261126,1
20,20261127,1
20,20261201,1
20,20261203,1
20,20261204,1
20,20261208,1
20,20261210,1
20,20261211,1
21,20261005,1
21,20261006,1
21,20261007,1
21,20261008,1
21,20261012,1
21,20261013,1
21,20261014,1
21,20261015,1
21,20261019,1
21,20261020,1
21,20261021,1
21,20261022,1
21,20261026,1
21,20261027,1
21,20261028,1
21,20261029,1
21,20261102,1
21,20261103,1
21,20261104,1
21,20261105,1
21,20261109,1
21,20261110,1
21,20261111,1
21,20261112,1
21,20261116,1
21,20261117,1
21,20261118,1
21,20261119,1
21,20261123,1
21,20261124,1
21,20261125,1
21,20261126,1
21,20261130,1
21,20261201,1
21,20261202,1
21,20261203,1
21,20261207,1
21,20261208,1
21,20261209,1
21,20261210,1
22,20261006,1
22,20261007,1
22,20261013,1
22,20261014,1
22,20261020,1
22,20261021,1
22,20261103,1
22,20261104,1
22,20261110,1
22,20261111,1
22,20261117,1
22,20261118,1
22,20261124,1
22,20261125,1
22,20261201,1
22,20261202,1
22,20261208,1
22,20261209,1
23,20261007,1
23,20261014,1
23,20261021,1
23,20261104,1
23,20261111,1
23,20261118,1
23,20261125,1
23,20261202,1
23,20261209,1
24,20261006,1
24,20261008,1
24,20261013,1
24,20261015,1
24,20261020,1
24,20261022,1
24,20261103,1
24,20261105,1
24,20261110,1
24,20261112,1
24,20261117,1
24,20261119,1
24,20261124,1
24,20261126,1
24,20261201,1
24,20261203,1
24,20261208,1
24,20261210,1
25,20261007,1
25,20261009,1
25,20261014,1
25,20261016,1
25,20261021,1
25,20261023,1
25,20261028,1
25,20261030,1
25,20261104,1
25,20261106,1
25,20261111,1
25,20261113,1
25,20261118,1
25,20261120,1
25,20261125,1
25,20261127,1
25,20261202,1
25,20261204,1
25,20261209,1
25,20261211,1
26,20261008,1
26,20261012,1
26,20261013,1
26,20261015,1
26,20261019,1
26,20261020,1
26,20261022,1
26,20261102,1
26,20261103,1
26,20261105,1
26,20261109,1
26,20261110,1
26,20261112,1
26,20261116,1
26,20261117,1
26,20261119,1
26,20261123,1
26,20261124,1
26,20261126,1
26,20261130,1
26,20261201,1
26,20261203,1
26,20261207,1
26,20261208,1
26,20261210,1
27,20261006,1
28,20261008,1
28,20261013,1
28,20261015,1
28,20261020,1
28,20261022,1
28,20261027,1
28,20261029,1
28,20261103,1
28,20261105,1
28,20261110,1
28,20261112,1
28,20261117,1
28,20261119,1
28,20261124,1
28,20261126,1
28,20261201,1
28,20261203,1
28,20261208,1
28,20261210,1
29,20261006,1
29,20261008,1
29,20261013,1
29,20261015,1
29,20261020,1
29,20261022,1
29,20261027,1
29,20261029,1
29,20261103,1
29,20261105,1
29,20261110,1
29,20261112,1
29,20261117,1
29,20261119,1
29,20261124,1
29,20261126,1
29,20261201,1
29,20261203,1
29,20261208,1
29,20261210,1
30,20261005,1
30,20261006,1
30,20261008,1
30,20261012,1
30,20261013,1
30,20261015,1
30,20261019,1
30,20261020,1
30,20261022,1
30,20261102,1
30,20261103,1
30,20261105,1
30,20261109,1
30,20261110,1
30,20261112,1
30,20261116,1
30,20261117,1
30,20261119,1
30,20261123,1
30,20261124,1
30,20261126,1
30,20261130,1
30,20261201,1
30,20261203,1
30,20261207,1
30,20261208,1
30,20261210,1
31,20261006,1
31,20261009,1
31,20261013,1
31,20261016,1
31,20261020,1
31,20261023,1
31,20261027,1
31,20261030,1
31,20261103,1
31,20261106,1
31,20261110,1
31,20261113,1
31,20261117,1
31,20261120,1
31,20261124,1
31,20261127,1
31,20261201,1
31,20261204,1
31,20261208,1
31,20261211,1
32,20261031,1
33,20261005,1
33,20261008,1
33,20261012,1
33,20261015,1
33,20261019,1
33,20261022,1
33,20261026,1
33,20261029,1
33,20261102,1
33,20261105,1
33,20261109,1
33,20261112,1
33,20261116,1
33,20261119,1
33,20261123,1
33,20261126,1
33,20261130,1
33,20261203,1
33,20261207,1
33,20261210,1
34,20261006,1
34,20261013,1
34,20261020,1
34,20261103,1
34,20261110,1
34,20261117,1
34,20261124,1
34,20261201,1
34,20261208,1
35,20261005,1
35,20261006,1
35,20261007,1
35,20261008,1
35,20261012,1
35,20261013,1
35,20261014,1
35,20261015,1
35,20261019,1
35,20261020,1
35,20261021,1
35,20261022,1
35,20261102,1
35,20261103,1
35,20261104,1
35,20261105,1
35,20261109,1
35,20261110,1
35,20261111,1
35,20261112,1
35,20261116,1
35,20261117,1
35,20261118,1
35,20261119,1
35,20261123,1
35,20261124,1
35,20261125,1
35,20261126,1
35,20261130,1
35,20261201,1
35,20261202,1
35,20261203,1
35,20261207,1
35,20261208,1
35,20261209,1
35,20261210,1
36,20261006,1
36,20261007,1
36,20261008,1
36,20261013,1
36,20261014,1
36,20261015,1
36,20261020,1
36,20261021,1
36,20261022,1
36,20261103,1
36,20261104,1
36,20261105,1
36,20261110,1
36,20261111,1
36,20261112,1
36,20261117,1
36,20261118,1
36,20261119,1
36,20261124,1
36,20261125,1
36,20261126,1
36,20261201,1
36,20261202,1
36,20261203,1
36,20261208,1
36,20261209,1
36,20261210,1
37,20261005,1
37,20261006,1
37,20261007,1
37,20261008,1
37,20261009,1
37,20261012,1
37,20261013,1
37,20261014,1
37,20261015,1
37,20261016,1
37,20261019,1
37,20261020,1
37,20261021,1
37,20261022,1
37,20261023,1
37,20261103,1
37,20261104,1
37,20261105,1
37,20261106,1
37,20261109,1
37,20261110,1
37,20261111,1
37,20261112,1
37,20261113,1
37,20261116,1
37,20261117,1
37,20261118,1
37,20261119,1
37,20261120,1
37,20261123,1
37,20261124,1
37,20261125,1
37,20261126,1
37,20261127,1
37,20261130,1
37,20261201,1
37,20261202,1
37,20261203,1
37,20261204,1
37,20261207,1
37,20261208,1
37,20261209,1
37,20261210,1
37,20261211,1
38,20261009,1
38,20261016,1
38,20261023,1
38,20261106,1
38,20261113,1
38,20261120,1
38,20261127,1
38,20261204,1
38,20261211,1
39,20261005,1
39,20261006,1
39,20261007,1
39,20261008,1
39,20261009,1
39,20261012,1
39,20261013,1
39,20261014,1
39,20261015,1
39,20261016,1
39,20261019,1
39,20261020,1
39,20261021,1
39,20261022,1
39,20261023,1
39,20261102,1
39,20261103,1
39,20261104,1
39,20261105,1
39,20261106,1
39,20261109,1
39,20261110,1
39,20261111,1
39,20261112,1
39,20261113,1
39,20261116,1
39,20261117,1
39,20261118,1
39,20261119,1
39,20261120,1
39,20261123,1
39,20261124,1
39,20261125,1
39,20261126,1
39,20261127,1
39,20261130,1
39,20261201,1
39,20261202,1
39,20261203,1
39,20261204,1
39,20261208,1
39,20261209,1
39,20261210,1
39,20261211,1
40,20261005,1
40,20261012,1
40,20261019,1
40,20261102,1
40,20261109,1
40,20261116,1
40,20261123,1
40,20261130,1
40,20261207,1
41,20261007,1
41,20261009,1
41,20261014,1
41,20261016,1
41,20261021,1
41,20261023,1
41,20261104,1
41,20261106,1
41,20261111,1
41,20261113,1
41,20261118,1
41,20261120,1
41,20261125,1
41,20261127,1
41,20261202,1
41,20261204,1
41,20261209,1
41,20261211,1
42,20261005,1
42,20261006,1
42,20261008,1
42,20261012,1
42,20261013,1
42,20261015,1
42,20261019,1
42,20261020,1
42,20261022,1
42,20261102,1
42,20261103,1
42,20261105,1
42,20261109,1
42,20261110,1
42,20261112,1
42,20261116,1
42,20261117,1
42,20261119,1
42,20261123,1
42,20261124,1
42,20261126,1
42,20261130,1
42,20261201,1
42,20261203,1
42,20261208,1
42,20261210,1
43,20261005,1
43,20261009,1
43,20261012,1
43,20261016,1
43,20261019,1
43,20261023,1
43,20261102,1
43,20261106,1
43,20261109,1
43,20261113,1
43,20261116,1
43,20261120,1
43,20261123,1
43,20261127,1
43,20261130,1
43,20261204,1
43,20261207,1
43,20261211,1
44,20261010,1
44,20261017,1
44,20261107,1
44,20261114,1
44,20261121,1
45,20261024,1
45,20261128,1
45,20261205,1
45,20261212,1
46,20261011,1
46,20261018,1
46,20261101,1
46,20261108,1
46,20261115,1
46,20261122,1
47,20261025,1
47,20261031,1
47,20261129,1
47,20261206,1
48,20261007,1
48,20261008,1
48,20261009,1
48,20261014,1
48,20261015,1
48,20261016,1
48,20261021,1
48,20261022,1
48,20261023,1
48,20261104,1
48,20261105,1
48,20261106,1
48,20261111,1
48,20261112,1
48,20261113,1
48,20261118,1
48,20261119,1
48,20261120,1
48,20261125,1
48,20261126,1
48,20261127,1
48,20261202,1
48,20261203,1
48,20261204,1
48,20261209,1
48,20261210,1
48,20261211,1
49,20261026,1
49,20261030,1
50,20261005,1
50,20261009,1
50,20261012,1
50,20261016,1
50,20261019,1
50,20261023,1
50,20261026,1
50,20261030,1
50,20261102,1
50,20261106,1
50,20261109,1
50,20261113,1
50,20261116,1
50,20261120,1
50,20261123,1
50,20261127,1
50,20261130,1
50,20261204,1
50,20261207,1
50,20261211,1
51,20261005,1
51,20261007,1
51,20261012,1
51,20261014,1
51,20261019,1
51,20261021,1
51,20261026,1
51,20261028,1
51,20261102,1
51,20261104,1
51,20261109,1
51,20261111,1
51,20261116,1
51,20261118,1
51,20261123,1
51,20261125,1
51,20261130,1
51,20261202,1
51,20261207,1
51,20261209,1
52,20261008,1
52,20261015,1
52,20261022,1
52,20261029,1
52,20261105,1
52,20261112,1
52,20261119,1
52,20261126,1
52,20261203,1
52,20261210,1
53,20261008,1
53,20261015,1
53,20261022,1
53,20261105,1
53,20261112,1
53,20261119,1
53,20261126,1
53,20261203,1
53,20261210,1
54,20261006,1
54,20261013,1
54,20261020,1
54,20261103,1
54,20261110,1
54,20261117,1
54,20261201,1
54,20261208,1
55,20261008,1
55,20261022,1
55,20261105,1
55,20261119,1
55,20261203,1
56,20261015,1
56,20261112,1
56,20261126,1
56,20261210,1
57,20261019,1
57,20261102,1
57,20261109,1
57,20261116,1
57,20261123,1
57,20261130,1
57,20261207,1
58,20261006,1
58,20261013,1
58,20261208,1
59,20261207,1
60,20261210,1
61,20261023,1
61,20261106,1
61,20261113,1
61,20261120,1
61,20261127,1
61,20261204,1
62,20261020,1
62,20261103,1
62,20261110,1
62,20261117,1
62,20261124,1
62,20261201,1
63,20261023,1
63,20261106,1
63,20261113,1
63,20261120,1
63,20261127,1
63,20261204,1
63,20261211,1
64,20261007,1
64,20261014,1
65,20261210,1
65,20261211,1
66,20261007,1
66,20261014,1
66,20261209,1
67,20261019,1
67,20261020,1
67,20261021,1
67,20261102,1
67,20261103,1
67,20261104,1
67,20261109,1
67,20261110,1
67,20261111,1
67,20261116,1
67,20261117,1
67,20261118,1
67,20261123,1
67,20261124,1
67,20261125,1
67,20261130,1
67,20261201,1
67,20261202,1
68,20261008,1
68,20261015,1
69,20261208,1
70,20261021,1
70,20261104,1
70,20261111,1
70,20261118,1
70,20261125,1
70,20261202,1
71,20261005,1
71,20261012,1
72,20261022,1
72,20261105,1
72,20261112,1
72,20261119,1
72,20261126,1
72,20261203,1
73,20261021,1
73,20261104,1
73,20261111,1
73,20261118,1
73,20261125,1
73,20261202,1
73,20261209,1
74,20261006,1
74,20261013,1
75,20261020,1
75,20261103,1
75,20261110,1
75,20261117,1
75,20261124,1
75,20261201,1
75,20261208,1
76,20261009,1
76,20261016,1
77,20261209,1
78,20261006,1
78,20261007,1
78,20261008,1
78,20261009,1
78,20261013,1
78,20261014,1
78,20261015,1
78,20261016,1
79,20261022,1
79,20261105,1
79,20261112,1
79,20261119,1
79,20261126,1
79,20261203,1
79,20261210,1
80,20261119,1
80,20261126,1
80,20261203,1
80,20261210,1
81,20261007,1
81,20261021,1
81,20261104,1
82,20261009,1
82,20261016,1
82,20261023,1
83,20261111,1
83,20261118,1
83,20261125,1
83,20261202,1
83,20261209,1
84,20261005,1
84,20261012,1
84,20261019,1
84,20261102,1
85,20261008,1
85,20261015,1
85,20261022,1
85,20261029,1
85,20261105,1
85,20261112,1
86,20261006,1
86,20261013,1
86,20261020,1
86,20261103,1
87,20261118,1
87,20261125,1
87,20261202,1
87,20261209,1
88,20261008,1
88,20261015,1
88,20261022,1
88,20261119,1
88,20261126,1
88,20261203,1
88,20261210,1
89,20261110,1
89,20261117,1
89,20261124,1
89,20261201,1
89,20261208,1
90,20261006,1
90,20261013,1
90,20261020,1
90,20261103,1
90,20261110,1
90,20261112,1
90,20261117,1
90,20261124,1
90,20261126,1
90,20261201,1
90,20261208,1
90,20261210,1
91,20261007,1
91,20261014,1
91,20261021,1
92,20261007,1
92,20261014,1
92,20261021,1
92,20261104,1
93,20261120,1
93,20261127,1
93,20261204,1
93,20261211,1
94,20261005,1
94,20261012,1
94,20261019,1
95,20261005,1
95,20261012,1
95,20261019,1
95,20261102,1
95,20261109,1
95,20261116,1
96,20261014,1
96,20261111,1
97,20261116,1
97,20261123,1
97,20261130,1
97,20261207,1
98,20261007,1
98,20261014,1
98,20261021,1
98,20261104,1
98,20261111,1
98,20261118,1
98,20261202,1
98,20261209,1
99,20261207,1
99,20261208,1
99,20261209,1
99,20261210,1
99,20261211,1
100,20261109,1
100,20261110,1
100,20261111,1
100,20261112,1
100,20261113,1
100,20261116,1
100,20261117,1
100,20261118,1
100,20261119,1
101,20261123,1
101,20261124,1
101,20261126,1
101,20261127,1
101,20261130,1
101,20261201,1
101,20261202,1
101,20261203,1
101,20261204,1
102,20261019,1
102,20261020,1
102,20261021,1
102,20261022,1
102,20261023,1
102,20261102,1
102,20261103,1
102,20261104,1
102,20261105,1
103,20261005,1
103,20261006,1
103,20261007,1
103,20261008,1
103,20261009,1
103,20261012,1
103,20261013,1
103,20261014,1
103,20261015,1
104,20261012,1
104,20261013,1
104,20261014,1
104,20261015,1
104,20261016,1
104,20261019,1
104,20261020,1
104,20261021,1
104,20261022,1
105,20261008,1
105,20261015,1
105,20261022,1
105,20261105,1
105,20261112,1
105,20261119,1
105,20261203,1
105,20261210,1
106,20261116,1
106,20261117,1
106,20261118,1
106,20261119,1
106,20261120,1
106,20261123,1
106,20261124,1
106,20261126,1
106,20261127,1
107,20261009,1
107,20261016,1
107,20261023,1
107,20261106,1
107,20261113,1
107,20261120,1
107,20261127,1
107,20261204,1
108,20261016,1
108,20261106,1
109,20261102,1
109,20261103,1
109,20261104,1
109,20261105,1
109,20261106,1
109,20261109,1
109,20261110,1
109,20261111,1
109,20261112,1
110,20261211,1
111,20261009,1
111,20261023,1
111,20261113,1
112,20261009,1
112,20261016,1
112,20261023,1
112,20261106,1
112,20261113,1
112,20261120,1
112,20261204,1
112,20261211,1
113,20261005,1
113,20261019,1
113,20261109,1
113,20261123,1
114,20261012,1
114,20261102,1
114,20261116,1
114,20261130,1
114,20261207,1
115,20261202,1
115,20261209,1
116,20261015,1
116,20261112,1
117,20261204,1
117,20261211,1
118,20261009,1
118,20261016,1
118,20261023,1
118,20261204,1
118,20261211,1
119,20261013,1
119,20261014,1
119,20261015,1
119,20261020,1
119,20261021,1
119,20261022,1
119,20261124,1
119,20261125,1
119,20261126,1
120,20261007,1
120,20261021,1
120,20261104,1
120,20261118,1
120,20261202,1
121,20261110,1
121,20261111,1
121,20261112,1
122,20261006,1
122,20261007,1
122,20261008,1
122,20261117,1
122,20261118,1
122,20261119,1
123,20261014,1
123,20261111,1
123,20261125,1
123,20261209,1
124,20261103,1
124,20261104,1
124,20261105,1
125,20261110,1
125,20261117,1
125,20261124,1
126,20261112,1
126,20261119,1
