service_id,monday,tuesday,wednesday,thursday,friday,saturday,sunday,start_date,end_date
1,0,0,0,0,0,0,0,20261007,20261211
2,0,0,0,0,0,0,0,20261010,20261212
3,0,0,0,0,0,0,0,20261011,20261206
4,0,0,0,0,0,0,0,20261005,20261006
5,0,0,0,0,0,0,0,20261005,20261211
6,0,0,0,0,0,0,0,20261007,20261211
7,0,0,0,0,0,0,0,20261005,20261211
8,0,0,0,0,0,0,0,20261006,20261211
9,0,0,0,0,0,0,0,20261005,20261208
10,0,0,0,0,0,0,0,20261009,20261211
11,0,0,0,0,0,0,0,20261010,20261212
12,0,0,0,0,0,0,0,20261026,20261030
13,0,0,0,0,0,0,0,20261011,20261206
14,0,0,0,0,0,0,0,20261005,20261211
15,0,0,0,0,0,0,0,20261017,20261212
16,0,0,0,0,0,0,0,20261005,20261211
17,0,0,0,0,0,0,0,20261005,20261211
18,0,0,0,0,0,0,0,20261005,20261210
19,0,0,0,0,0,0,0,20261006,20261211
20,0,0,0,0,0,0,0,20261006,20261211
21,0,0,0,0,0,0,0,20261005,20261210
22,0,0,0,0,0,0,0,20261006,20261209
23,0,0,0,0,0,0,0,20261007,20261209
24,0,0,0,0,0,0,0,20261006,20261210
25,0,0,0,0,0,0,0,20261007,20261211
26,0,0,0,0,0,0,0,20261008,20261210
27,0,0,0,0,0,0,0,20261006,20261006
28,0,0,0,0,0,0,0,20261008,20261210
29,0,0,0,0,0,0,0,20261006,20261210
30,0,0,0,0,0,0,0,20261005,20261210
31,0,0,0,0,0,0,0,20261006,20261211
32,0,0,0,0,0,0,0,20261031,20261031
33,0,0,0,0,0,0,0,20261005,20261210
34,0,0,0,0,0,0,0,20261006,20261208
35,0,0,0,0,0,0,0,20261005,20261210
36,0,0,0,0,0,0,0,20261006,20261210
37,0,0,0,0,0,0,0,20261005,20261211
38,0,0,0,0,0,0,0,20261009,20261211
39,0,0,0,0,0,0,0,20261005,20261211
40,0,0,0,0,0,0,0,20261005,20261207
41,0,0,0,0,0,0,0,20261007,20261211
42,0,0,0,0,0,0,0,20261005,20261210
43,0,0,0,0,0,0,0,20261005,20261211
44,0,0,0,0,0,0,0,20261010,20261121
45,0,0,0,0,0,0,0,20261024,20261212
46,0,0,0,0,0,0,0,20261011,20261122
47,0,0,0,0,0,0,0,20261025,20261206
48,0,0,0,0,0,0,0,20261007,20261211
49,0,0,0,0,0,0,0,20261026,20261030
50,0,0,0,0,0,0,0,20261005,20261211
51,0,0,0,0,0,0,0,20261005,20261209
52,0,0,0,0,0,0,0,20261008,20261210
53,0,0,0,0,0,0,0,20261008,20261210
54,0,0,0,0,0,0,0,20261006,20261208
55,0,0,0,0,0,0,0,20261008,20261203
56,0,0,0,0,0,0,0,20261015,20261210
57,0,0,0,0,0,0,0,20261019,20261207
58,0,0,0,0,0,0,0,20261006,20261208
59,0,0,0,0,0,0,0,20261207,20261207
60,0,0,0,0,0,0,0,20261210,20261210
61,0,0,0,0,0,0,0,20261023,20261204
62,0,0,0,0,0,0,0,20261020,20261201
63,0,0,0,0,0,0,0,20261023,20261211
64,0,0,0,0,0,0,0,20261007,20261014
65,0,0,0,0,0,0,0,20261210,20261211
66,0,0,0,0,0,0,0,20261007,20261209
67,0,0,0,0,0,0,0,20261019,20261202
68,0,0,0,0,0,0,0,20261008,20261015
69,0,0,0,0,0,0,0,20261208,20261208
70,0,0,0,0,0,0,0,20261021,20261202
71,0,0,0,0,0,0,0,20261005,20261012
72,0,0,0,0,0,0,0,20261022,20261203
73,0,0,0,0,0,0,0,20261021,20261209
74,0,0,0,0,0,0,0,20261006,20261013
75,0,0,0,0,0,0,0,20261020,20261208
76,0,0,0,0,0,0,0,20261009,20261016
77,0,0,0,0,0,0,0,20261209,20261209
78,0,0,0,0,0,0,0,20261006,20261016
79,0,0,0,0,0,0,0,20261022,20261210
80,0,0,0,0,0,0,0,20261119,20261210
81,0,0,0,0,0,0,0,20261007,20261104
82,0,0,0,0,0,0,0,20261009,20261023
83,0,0,0,0,0,0,0,20261111,20261209
84,0,0,0,0,0,0,0,20261005,20261102
85,0,0,0,0,0,0,0,20261008,20261112
86,0,0,0,0,0,0,0,20261006,20261103
87,0,0,0,0,0,0,0,20261118,20261209
88,0,0,0,0,0,0,0,20261008,20261210
89,0,0,0,0,0,0,0,20261110,20261208
90,0,0,0,0,0,0,0,20261006,20261210
91,0,0,0,0,0,0,0,20261007,20261021
92,0,0,0,0,0,0,0,20261007,20261104
93,0,0,0,0,0,0,0,20261120,20261211
94,0,0,0,0,0,0,0,20261005,20261019
95,0,0,0,0,0,0,0,20261005,20261116
96,0,0,0,0,0,0,0,20261014,20261111
97,0,0,0,0,0,0,0,20261116,20261207
98,0,0,0,0,0,0,0,20261007,20261209
99,0,0,0,0,0,0,0,20261207,20261211
100,0,0,0,0,0,0,0,20261109,20261119
101,0,0,0,0,0,0,0,20261123,20261204
102,0,0,0,0,0,0,0,20261019,20261105
103,0,0,0,0,0,0,0,20261005,20261015
104,0,0,0,0,0,0,0,20261012,20261022
105,0,0,0,0,0,0,0,20261008,20261210
106,0,0,0,0,0,0,0,20261116,20261127
107,0,0,0,0,0,0,0,20261009,20261204
108,0,0,0,0,0,0,0,20261016,20261106
109,0,0,0,0,0,0,0,20261102,20261112
110,0,0,0,0,0,0,0,20261211,20261211
111,0,0,0,0,0,0,0,20261009,20261113
112,0,0,0,0,0,0,0,20261009,20261211
113,0,0,0,0,0,0,0,20261005,20261123
114,0,0,0,0,0,0,0,20261012,20261207
115,0,0,0,0,0,0,0,20261202,20261209
116,0,0,0,0,0,0,0,20261015,20261112
117,0,0,0,0,0,0,0,20261204,20261211
118,0,0,0,0,0,0,0,20261009,20261211
119,0,0,0,0,0,0,0,20261013,20261126
120,0,0,0,0,0,0,0,20261007,20261202
121,0,0,0,0,0,0,0,20261110,20261112
122,0,0,0,0,0,0,0,20261006,20261119
123,0,0,0,0,0,0,0,20261014,20261209
124,0,0,0,0,0,0,0,20261103,20261105
125,0,0,0,0,0,0,0,20261110,20261124
126,0,0,0,0,0,0,0,20261112,20261119
